[gd_scene load_steps=25 format=3 uid="uid://rgd4r05wtdy5"]

[ext_resource type="PackedScene" uid="uid://conqjasembnyk" path="res://smol_character_body.tscn" id="1_1yeyv"]
[ext_resource type="Material" uid="uid://dk17x5khy0w67" path="res://assets/prototype_textures/Green/green.tres" id="2_1yeyv"]
[ext_resource type="Material" uid="uid://bvpxgit5gpsp8" path="res://assets/prototype_textures/Dark/black.tres" id="2_uvu1c"]
[ext_resource type="Material" uid="uid://dknwcdpepnwwa" path="res://assets/prototype_textures/Green/blue.tres" id="3_uvu1c"]
[ext_resource type="Material" uid="uid://cd6eg3grkm2yl" path="res://assets/prototype_textures/Purple/purple.tres" id="4_i0wjd"]
[ext_resource type="Texture2D" uid="uid://c5hlj86pm7j1h" path="res://assets/prototype_textures/Green/texture_01.png" id="4_vxpt0"]
[ext_resource type="Texture2D" uid="uid://c0o1vkv3ufvmb" path="res://assets/prototype_textures/Purple/texture_01.png" id="6_pxceu"]
[ext_resource type="Material" uid="uid://4qegmmgn65nq" path="res://assets/prototype_textures/Light/light.tres" id="8_hcc55"]
[ext_resource type="Material" uid="uid://cps8ahl4wdfqj" path="res://assets/prototype_textures/Purple/purple_large.tres" id="8_j8mbk"]
[ext_resource type="Material" uid="uid://dbk8ea3sqda3o" path="res://assets/prototype_textures/Red/red_door.tres" id="8_njl7m"]
[ext_resource type="Material" uid="uid://d15ynw1ge6jg6" path="res://assets/prototype_textures/Green/green_door.tres" id="8_vxpt0"]
[ext_resource type="Material" uid="uid://gwmlvy72s03b" path="res://assets/prototype_textures/Red/red_large.tres" id="9_ofg5i"]
[ext_resource type="Material" uid="uid://c3vib5x280k0h" path="res://assets/prototype_textures/Light/light_door.tres" id="10_2wrim"]
[ext_resource type="Material" uid="uid://ddhef08j0510y" path="res://assets/prototype_textures/Dark/black_large.tres" id="10_08hp8"]
[ext_resource type="Material" uid="uid://b8t4y4tqnnewt" path="res://assets/prototype_textures/Orange/orange.tres" id="11_2wrim"]
[ext_resource type="Texture2D" uid="uid://urwmtrt2dna6" path="res://assets/prototype_textures/Orange/texture_01.png" id="12_ph7co"]

[sub_resource type="WorldBoundaryShape3D" id="WorldBoundaryShape3D_i0wjd"]

[sub_resource type="ProceduralSkyMaterial" id="ProceduralSkyMaterial_8u7yy"]
sky_horizon_color = Color(0.662243, 0.671743, 0.686743, 1)
ground_horizon_color = Color(0.662243, 0.671743, 0.686743, 1)

[sub_resource type="Sky" id="Sky_pxceu"]
sky_material = SubResource("ProceduralSkyMaterial_8u7yy")

[sub_resource type="Environment" id="Environment_knotw"]
background_mode = 2
sky = SubResource("Sky_pxceu")
tonemap_mode = 2
fog_mode = 1
fog_light_color = Color(0.379687, 0.596472, 0.584997, 1)
fog_light_energy = 1.1
fog_density = 0.6299
fog_sky_affect = 0.53
fog_depth_begin = 50.0
fog_depth_end = 150.0

[sub_resource type="StandardMaterial3D" id="StandardMaterial3D_2wrim"]
shading_mode = 0
diffuse_mode = 3
specular_mode = 1
albedo_color = Color(0.6, 0.6, 0.6, 1)
albedo_texture = ExtResource("4_vxpt0")
uv1_scale = Vector3(0.063, 0.063, 0.063)
uv1_triplanar = true
texture_filter = 0

[sub_resource type="StandardMaterial3D" id="StandardMaterial3D_njl7m"]
shading_mode = 0
diffuse_mode = 3
specular_mode = 1
albedo_color = Color(0.49, 0.49, 0.49, 1)
albedo_texture = ExtResource("6_pxceu")
uv1_scale = Vector3(0.25, 0.25, 0.25)
uv1_triplanar = true
texture_filter = 0

[sub_resource type="StandardMaterial3D" id="StandardMaterial3D_pxceu"]
shading_mode = 0
diffuse_mode = 3
specular_mode = 1
albedo_color = Color(0.69, 0.69, 0.69, 1)
albedo_texture = ExtResource("6_pxceu")
uv1_scale = Vector3(0.25, 0.25, 0.25)
uv1_triplanar = true
texture_filter = 0

[sub_resource type="StandardMaterial3D" id="StandardMaterial3D_ix85c"]
shading_mode = 0
diffuse_mode = 3
specular_mode = 1
albedo_color = Color(0.85, 0.763867, 0.6885, 1)
albedo_texture = ExtResource("12_ph7co")
uv1_scale = Vector3(0.25, 0.25, 0.25)
uv1_triplanar = true
texture_filter = 0

[node name="BeachStage" type="Node3D"]

[node name="StaticBody3D" type="StaticBody3D" parent="."]

[node name="CollisionShape3D" type="CollisionShape3D" parent="StaticBody3D"]
shape = SubResource("WorldBoundaryShape3D_i0wjd")

[node name="SmolCharacterBody" parent="." instance=ExtResource("1_1yeyv")]
transform = Transform3D(1, 0, 0, 0, 1, 0, 0, 0, 1, -9.40477, 5.9441, 104.647)

[node name="WorldEnvironment" type="WorldEnvironment" parent="."]
environment = SubResource("Environment_knotw")

[node name="DirectionalLight3D" type="DirectionalLight3D" parent="."]
transform = Transform3D(-0.866025, -0.433013, 0.25, 0, 0.5, 0.866025, -0.5, 0.75, -0.433013, 0, 0, 0)
shadow_enabled = true

[node name="floor" type="CSGCombiner3D" parent="."]
use_collision = true

[node name="CSGBox3D" type="CSGBox3D" parent="floor"]
transform = Transform3D(0.999998, -0.00171462, 0.000138476, 0.00171451, 0.999998, 0.000770814, -0.000139806, -0.000770574, 1, 0, 0, 0)
size = Vector3(993.031, 0.1, 925.847)
material = ExtResource("2_1yeyv")

[node name="water_line" type="CSGCombiner3D" parent="."]
transform = Transform3D(1, 0, 0, 0, 1, 0, 0, 0, 1, 0, 1.0961, 0)
use_collision = true

[node name="CSGBox3D" type="CSGBox3D" parent="water_line"]
transform = Transform3D(0.999998, -0.00171462, 0.000138476, 0.00171451, 0.999998, 0.000770814, -0.000139806, -0.000770574, 1, 0, 1.78025, 0)
size = Vector3(1683.61, 0.1, 1228.29)
material = ExtResource("3_uvu1c")

[node name="coast" type="CSGCombiner3D" parent="."]
transform = Transform3D(1, 0, 0, 0, 1, 0, 0, 0, 1, 0, 1.0961, 0)
use_collision = true

[node name="beach2" type="CSGBox3D" parent="coast"]
transform = Transform3D(1, 0, 0, 0, 1, 0, 0, 0, 1, 134.774, 1.62876, 87.9369)
size = Vector3(728.814, 4.25751, 1166.3)
material = SubResource("StandardMaterial3D_2wrim")

[node name="beach3" type="CSGBox3D" parent="coast/beach2"]
transform = Transform3D(0.707107, 0, 0.707107, 0, 1, 0, -0.707107, 0, 0.707107, -180.187, 0, 392.954)
operation = 2
size = Vector3(540.267, 4.25751, 1080.56)
material = SubResource("StandardMaterial3D_2wrim")

[node name="beach4" type="CSGBox3D" parent="coast/beach2"]
transform = Transform3D(0.0218498, 0, 0.999762, 0, 1, 0, -0.999762, 0, 0.0218498, -318.485, -2.61116, -308.642)
operation = 2
size = Vector3(555.523, 10.8207, 202.664)
material = SubResource("StandardMaterial3D_2wrim")

[node name="beach5" type="CSGBox3D" parent="coast/beach2"]
transform = Transform3D(0.707477, 0, 0.706737, 0, 1, 0, -0.706737, 0, 0.707477, -117.348, -0.773021, 10.924)
operation = 2
size = Vector3(33.1668, 5.80356, 56.4028)
material = SubResource("StandardMaterial3D_2wrim")

[node name="beach6" type="CSGBox3D" parent="coast/beach2"]
transform = Transform3D(0, 0, 1, 0, 1, 0, -1, 0, 0, 121.648, -1.52588e-05, 2.54466)
operation = 2
size = Vector3(46.5559, 5, 493.989)
material = SubResource("StandardMaterial3D_2wrim")

[node name="beach7" type="CSGBox3D" parent="coast/beach2"]
transform = Transform3D(0, 0, 1, 0, 1, 0, -1, 0, 0, 135.113, -1.52588e-05, 207.919)
operation = 2
size = Vector3(365.528, 5, 466.741)
material = SubResource("StandardMaterial3D_2wrim")

[node name="beach8" type="CSGBox3D" parent="coast/beach2"]
transform = Transform3D(0.707107, 0, 0.707107, 0, 1, 0, -0.707107, 0, 0.707107, -47.6949, -3.43323e-05, 121.373)
operation = 2
size = Vector3(60.604, 5, 204.399)
material = SubResource("StandardMaterial3D_2wrim")

[node name="fountain" type="CSGCombiner3D" parent="."]
transform = Transform3D(1, 0, 0, 0, 1, 0, 0, 0, 1, -40.696, 5, 34.776)
use_collision = true

[node name="CSGCylinder3D5" type="CSGCylinder3D" parent="fountain"]
transform = Transform3D(1, 0, 0, 0, 1, 0, 0, 0, 1, 0, 5.24889, 0)
radius = 0.2
height = 10.0
sides = 13
material = ExtResource("2_uvu1c")

[node name="CSGCylinder3D" type="CSGCylinder3D" parent="fountain"]
radius = 4.0
sides = 13
material = ExtResource("2_uvu1c")

[node name="CSGCylinder3D2" type="CSGCylinder3D" parent="fountain"]
transform = Transform3D(1, 0, 0, 0, 1, 0, 0, 0, 1, 0, 2, 0)
radius = 2.0
height = 0.5
sides = 13
material = ExtResource("2_uvu1c")

[node name="CSGCylinder3D3" type="CSGCylinder3D" parent="fountain"]
transform = Transform3D(1, 0, 0, 0, 1, 0, 0, 0, 1, 0, 4, 0)
radius = 1.0
height = 0.5
sides = 13
material = ExtResource("2_uvu1c")

[node name="CSGCylinder3D4" type="CSGCylinder3D" parent="fountain"]
transform = Transform3D(1, 0, 0, 0, 1, 0, 0, 0, 1, 0, 10, 0)
radius = 1.0
height = 0.5
sides = 13
material = ExtResource("2_uvu1c")

[node name="inner_path" type="CSGCombiner3D" parent="."]
transform = Transform3D(1, 0, 0, 0, 1, 0, 0, 0, 1, -40.712, 5, 34.755)
use_collision = true

[node name="CSGCylinder3D" type="CSGCylinder3D" parent="inner_path"]
radius = 16.0
height = 1.0
sides = 32
material = SubResource("StandardMaterial3D_njl7m")

[node name="CSGCylinder3D2" type="CSGCylinder3D" parent="inner_path"]
operation = 2
radius = 12.0
height = 1.0
sides = 32
material = SubResource("StandardMaterial3D_njl7m")

[node name="outer_path" type="CSGCombiner3D" parent="."]
transform = Transform3D(1, 0, 0, 0, 1, 0, 0, 0, 1, -40.696, 5, 34.776)
use_collision = true

[node name="CSGCylinder3D" type="CSGCylinder3D" parent="outer_path"]
radius = 35.0
height = 1.0
sides = 32
material = SubResource("StandardMaterial3D_njl7m")

[node name="CSGCylinder3D2" type="CSGCylinder3D" parent="outer_path"]
operation = 2
radius = 31.0
height = 1.0
sides = 32
material = SubResource("StandardMaterial3D_njl7m")

[node name="CSGCylinder3D3" type="CSGCylinder3D" parent="outer_path"]
transform = Transform3D(1, 0, 0, 0, 1, 0, 0, 0, 1, -0.016, 0.1, -0.021)
radius = 32.5215
height = 0.5
sides = 32
material = ExtResource("4_i0wjd")

[node name="cross_path" type="CSGCombiner3D" parent="."]
transform = Transform3D(1, 0, 0, 0, 1, 0, 0, 0, 1, -40.696, 5, 34.776)
use_collision = true

[node name="CSGBox3D" type="CSGBox3D" parent="cross_path"]
transform = Transform3D(1, 0, 0, 0, 1, 0, 0, 0, 1, 0, 0.1, -0.0346069)
size = Vector3(4, 1, 69.4249)
material = SubResource("StandardMaterial3D_pxceu")

[node name="CSGBox3D2" type="CSGBox3D" parent="cross_path"]
transform = Transform3D(-4.37114e-08, 0, -1, 0, 1, 0, 1, 0, -4.37114e-08, 0, 0.1, -0.0346069)
size = Vector3(4, 1, 69.4249)
material = SubResource("StandardMaterial3D_pxceu")

[node name="street" type="CSGCombiner3D" parent="."]
use_collision = true

[node name="CSGBox3D" type="CSGBox3D" parent="street"]
transform = Transform3D(0.707007, -0.0017573, 0.707205, 0.00171451, 0.999998, 0.000770814, -0.707204, 0.000667541, 0.707009, -17.0998, 4.93311, 97.1128)
size = Vector3(4, 1, 84.1821)
material = ExtResource("8_hcc55")

[node name="CSGBox3D2" type="CSGBox3D" parent="street"]
transform = Transform3D(0.999998, -0.00171462, 0.000138476, 0.00171451, 0.999998, 0.000770814, -0.000139806, -0.000770574, 1, 246.35, 5.35887, 24.5216)
size = Vector3(482.709, 1, 10)
material = ExtResource("2_uvu1c")

[node name="CSGBox3D3" type="CSGBox3D" parent="street"]
transform = Transform3D(0.000139762, 0.000770574, -1, 0.00171451, 0.999998, 0.000770814, 0.999998, -0.00171462, 0.000138432, 10.111, 4.7, -157.11)
size = Vector3(354.588, 1, 10)
material = ExtResource("2_uvu1c")

[node name="CSGBox3D4" type="CSGBox3D" parent="street"]
transform = Transform3D(0.000139762, 0.000770574, -1, 0.00171451, 0.999998, 0.000770814, 0.999998, -0.00171462, 0.000138432, 173.717, 4.7, -157.11)
size = Vector3(354.588, 1, 10)
material = ExtResource("2_uvu1c")

[node name="CSGBox3D5" type="CSGBox3D" parent="street"]
transform = Transform3D(0.000139762, 0.000770574, -1, 0.00171451, 0.999998, 0.000770814, 0.999998, -0.00171462, 0.000138432, 353.43, 4.7, -157.11)
size = Vector3(354.588, 1, 10)
material = ExtResource("2_uvu1c")

[node name="buildings" type="CSGCombiner3D" parent="."]
use_collision = true

[node name="CSGBox3D" type="CSGBox3D" parent="buildings"]
transform = Transform3D(0.999998, -0.00171462, 0.000138476, 0.00171451, 0.999998, 0.000770814, -0.000139806, -0.000770574, 1, 49.9351, 53.4181, -340.202)
size = Vector3(50, 99.8011, 50)
material = ExtResource("8_j8mbk")

[node name="CSGBox3D2" type="CSGBox3D" parent="buildings"]
transform = Transform3D(0.999998, -0.00171462, 0.000138476, 0.00171451, 0.999998, 0.000770814, -0.000139806, -0.000770574, 1, 49.9001, 73.8449, -400.405)
size = Vector3(50, 140.655, 50)
material = ExtResource("9_ofg5i")

[node name="CSGBox3D3" type="CSGBox3D" parent="buildings"]
transform = Transform3D(0.999998, -0.00171462, 0.000138476, 0.00171451, 0.999998, 0.000770814, -0.000139806, -0.000770574, 1, 104.016, 20.7333, -315.293)
size = Vector3(50, 108.035, 50)
material = ExtResource("9_ofg5i")

[node name="CSGBox3D4" type="CSGBox3D" parent="buildings"]
transform = Transform3D(0.999998, -0.00171462, 0.000138476, 0.00171451, 0.999998, 0.000770814, -0.000139806, -0.000770574, 1, 219.484, 48.0695, -280.859)
size = Vector3(50, 89.1038, 50)
material = ExtResource("10_08hp8")

[node name="CSGBox3D5" type="CSGBox3D" parent="buildings"]
transform = Transform3D(0.999998, -0.00171462, 0.000138476, 0.00171451, 0.999998, 0.000770814, -0.000139806, -0.000770574, 1, 311.909, 33.2727, -281.695)
size = Vector3(50, 59.5103, 50)
material = ExtResource("8_j8mbk")

[node name="CSGBox3D6" type="CSGBox3D" parent="buildings"]
transform = Transform3D(0.999998, -0.00171462, 0.000138476, 0.00171451, 0.999998, 0.000770814, -0.000139806, -0.000770574, 1, 396.69, 26.8003, -279.995)
size = Vector3(50, 46.5654, 50)
material = ExtResource("10_08hp8")

[node name="CSGBox3D7" type="CSGBox3D" parent="buildings"]
transform = Transform3D(0.999998, -0.00171462, 0.000138476, 0.00171451, 0.999998, 0.000770814, -0.000139806, -0.000770574, 1, 398.31, 70.7134, -219.842)
size = Vector3(50, 134.392, 50)
material = ExtResource("9_ofg5i")

[node name="CSGBox3D8" type="CSGBox3D" parent="buildings"]
transform = Transform3D(0.999998, -0.00171462, 0.000138476, 0.00171451, 0.999998, 0.000770814, -0.000139806, -0.000770574, 1, 463.53, 102.136, -157.984)
size = Vector3(50, 197.236, 50)
material = ExtResource("10_08hp8")

[node name="CSGBox3D9" type="CSGBox3D" parent="buildings"]
transform = Transform3D(0.999998, -0.00171462, 0.000138476, 0.00171451, 0.999998, 0.000770814, -0.000139806, -0.000770574, 1, 460.83, 107.427, -218.522)
size = Vector3(50, 207.819, 50)
material = ExtResource("8_j8mbk")

[node name="CSGBox3D10" type="CSGBox3D" parent="buildings"]
transform = Transform3D(0.999998, -0.00171462, 0.000138476, 0.00171451, 0.999998, 0.000770814, -0.000139806, -0.000770574, 1, 311.593, 60.9111, -342.244)
size = Vector3(50, 114.787, 50)
material = ExtResource("10_08hp8")

[node name="CSGBox3D11" type="CSGBox3D" parent="buildings"]
transform = Transform3D(0.999998, -0.00171462, 0.000138476, 0.00171451, 0.999998, 0.000770814, -0.000139806, -0.000770574, 1, 221.447, 71.6666, -343.597)
size = Vector3(50, 136.298, 50)
material = ExtResource("8_j8mbk")

[node name="CSGBox3D12" type="CSGBox3D" parent="buildings"]
transform = Transform3D(0.999998, -0.00171462, 0.000138476, 0.00171451, 0.999998, 0.000770814, -0.000139806, -0.000770574, 1, 49.2224, 94.5985, -463.337)
size = Vector3(50, 182.162, 50)
material = ExtResource("9_ofg5i")

[node name="CSGBox3D13" type="CSGBox3D" parent="buildings"]
transform = Transform3D(0.999998, -0.00171462, 0.000138476, 0.00171451, 0.999998, 0.000770814, -0.000139806, -0.000770574, 1, -28.7298, 28.227, -397.392)
size = Vector3(50, 101.657, 50)
material = ExtResource("10_08hp8")

[node name="CSGBox3D14" type="CSGBox3D" parent="buildings"]
transform = Transform3D(0.999998, -0.00171462, 0.000138476, 0.00171451, 0.999998, 0.000770814, -0.000139806, -0.000770574, 1, 314.291, 56.8405, -219.828)
size = Vector3(50, 106.646, 50)
material = ExtResource("8_j8mbk")

[node name="CSGBox3D15" type="CSGBox3D" parent="buildings"]
transform = Transform3D(0.999998, -0.00171462, 0.000138476, 0.00171451, 0.999998, 0.000770814, -0.000139806, -0.000770574, 1, 403.056, 67.0528, -89.3521)
size = Vector3(50, 127.07, 50)
material = ExtResource("9_ofg5i")

[node name="CSGBox3D16" type="CSGBox3D" parent="buildings"]
transform = Transform3D(0.999998, -0.00171462, 0.000138476, 0.00171451, 0.999998, 0.000770814, -0.000139806, -0.000770574, 1, 316.82, 50.8808, -16.5664)
size = Vector3(50, 95.7354, 50)
material = ExtResource("10_08hp8")

[node name="CSGBox3D26" type="CSGBox3D" parent="buildings"]
transform = Transform3D(0.999998, -0.00171462, 0.000138476, 0.00171451, 0.999998, 0.000770814, -0.000139806, -0.000770574, 1, 393.635, 28.5836, -13.5996)
size = Vector3(50, 51.141, 50)
material = ExtResource("10_08hp8")

[node name="CSGBox3D17" type="CSGBox3D" parent="buildings"]
transform = Transform3D(0.999998, -0.00171462, 0.000138476, 0.00171451, 0.999998, 0.000770814, -0.000139806, -0.000770574, 1, -32.7585, 50.3508, -274.976)
size = Vector3(50, 93.6665, 50)
material = ExtResource("8_j8mbk")

[node name="CSGBox3D18" type="CSGBox3D" parent="buildings"]
transform = Transform3D(0.999998, -0.00171462, 0.000138476, 0.00171451, 0.999998, 0.000770814, -0.000139806, -0.000770574, 1, 220.071, 89.3675, -404.145)
size = Vector3(50, 171.7, 50)
material = ExtResource("8_j8mbk")

[node name="CSGBox3D19" type="CSGBox3D" parent="buildings"]
transform = Transform3D(0.999998, -0.00171462, 0.000138476, 0.00171451, 0.999998, 0.000770814, -0.000139806, -0.000770574, 1, 397.668, 71.4029, -343.597)
size = Vector3(50, 135.771, 50)
material = ExtResource("10_08hp8")

[node name="CSGBox3D20" type="CSGBox3D" parent="buildings"]
transform = Transform3D(0.999998, -0.00171462, 0.000138476, 0.00171451, 0.999998, 0.000770814, -0.000139806, -0.000770574, 1, 396.282, 94.8667, -405.494)
size = Vector3(50, 182.698, 50)
material = ExtResource("10_08hp8")

[node name="CSGBox3D21" type="CSGBox3D" parent="buildings"]
transform = Transform3D(0.999998, -0.00171462, 0.000138476, 0.00171451, 0.999998, 0.000770814, -0.000139806, -0.000770574, 1, 455.444, 110.351, -457.969)
size = Vector3(50, 213.667, 50)
material = ExtResource("10_08hp8")

[node name="CSGBox3D22" type="CSGBox3D" parent="buildings"]
transform = Transform3D(0.999998, -0.00171462, 0.000138476, 0.00171451, 0.999998, 0.000770814, -0.000139806, -0.000770574, 1, 310.172, 105.215, -457.965)
size = Vector3(50, 203.394, 50)
material = ExtResource("9_ofg5i")

[node name="CSGBox3D23" type="CSGBox3D" parent="buildings"]
transform = Transform3D(0.999998, -0.00171462, 0.000138476, 0.00171451, 0.999998, 0.000770814, -0.000139806, -0.000770574, 1, 222.79, 72.9817, -463.321)
size = Vector3(50, 138.928, 50)
material = ExtResource("9_ofg5i")

[node name="CSGBox3D24" type="CSGBox3D" parent="buildings"]
transform = Transform3D(0.999998, -0.00171462, 0.000138476, 0.00171451, 0.999998, 0.000770814, -0.000139806, -0.000770574, 1, 125.912, 86.9499, -463.332)
size = Vector3(50, 166.865, 50)
material = ExtResource("10_08hp8")

[node name="CSGBox3D25" type="CSGBox3D" parent="buildings"]
transform = Transform3D(0.999998, -0.00171462, 0.000138476, 0.00171451, 0.999998, 0.000770814, -0.000139806, -0.000770574, 1, 455.426, 121.29, -340.945)
size = Vector3(50, 235.545, 50)
material = ExtResource("9_ofg5i")

[node name="Shops" type="Node3D" parent="."]

[node name="fountain2" type="CSGCombiner3D" parent="Shops"]
transform = Transform3D(1, 0, 0, 0, 1, 0, 0, 0, 1, -40.696, 5, 34.776)
use_collision = true

[node name="CSGBox3D" type="CSGBox3D" parent="Shops/fountain2"]
transform = Transform3D(0.860662, 0, 0.509176, 0, 1, 0, -0.509176, 0, 0.860662, -11.0069, 0.380266, -20.6598)
size = Vector3(10.6133, 8, 11.6125)
material = ExtResource("8_vxpt0")

[node name="CSGBox3D2" type="CSGBox3D" parent="Shops/fountain2"]
transform = Transform3D(0.374704, 0, 0.927145, 0, 1, 0, -0.927145, 0, 0.374704, -21.7657, 1.05098, -9.14658)
size = Vector3(10, 8, 10.1121)
material = ExtResource("8_vxpt0")

[node name="CSGBox3D3" type="CSGBox3D" parent="Shops/fountain2"]
transform = Transform3D(0.803577, 0, 0.595202, 0, 1, 0, -0.595202, 0, 0.803577, -23.4298, 0, 7.73871)
size = Vector3(10.5565, 8, 6)
material = ExtResource("8_njl7m")

[node name="CSGBox3D4" type="CSGBox3D" parent="Shops/fountain2"]
transform = Transform3D(-0.726167, 0, -0.687518, 0, 1, 0, 0.687518, 0, -0.726167, -15.2685, -3.8147e-06, 18.5914)
size = Vector3(10.532, 8, 6)
material = ExtResource("8_njl7m")

[node name="CSGBox3D5" type="CSGBox3D" parent="Shops/fountain2"]
transform = Transform3D(-0.928103, 0, 0.372324, 0, 1, 0, -0.372324, 0, -0.928103, -8.63934, 3.79137, 25.1981)
size = Vector3(8.56616, 8, 6)
material = ExtResource("10_2wrim")

[node name="CSGBox3D6" type="CSGBox3D" parent="Shops/fountain2"]
transform = Transform3D(-0.885904, 0, -0.463868, 0, 1, 0, 0.463868, 0, -0.885904, 9.98347, 1.89119, 21.3363)
size = Vector3(10, 8, 9.92651)
material = ExtResource("8_vxpt0")

[node name="CSGBox3D7" type="CSGBox3D" parent="Shops/fountain2"]
transform = Transform3D(-0.385616, 0, -0.922659, 0, 1, 0, 0.922659, 0, -0.385616, 21.2004, 1.61011, 10.0998)
size = Vector3(8.46436, 8, 10.8325)
material = ExtResource("10_2wrim")

[node name="CSGBox3D8" type="CSGBox3D" parent="Shops/fountain2"]
transform = Transform3D(0.894006, 0, -0.448056, 0, 1, 0, 0.448056, 0, 0.894006, 11.8545, 2.18544, -20.4823)
size = Vector3(16.506, 8, 9.45819)
material = ExtResource("8_njl7m")

[node name="Mall" type="Node3D" parent="."]

[node name="CSGCombiner3D" type="CSGCombiner3D" parent="Mall"]
use_collision = true

[node name="CSGBox3D" type="CSGBox3D" parent="Mall/CSGCombiner3D"]
transform = Transform3D(1, 0, 0, 0, 1, 0, 0, 0, 1, 49.4541, 15.9278, -10.0255)
size = Vector3(58.9562, 34.457, 50)
material = ExtResource("10_2wrim")

[node name="CSGBox3D2" type="CSGBox3D" parent="Mall/CSGCombiner3D"]
transform = Transform3D(1, 0, 0, 0, 1, 0, 0, 0, 1, 71.6625, 8.15627, -42.1078)
size = Vector3(69.1279, 50, 96.4941)
material = ExtResource("2_uvu1c")

[node name="CSGBox3D3" type="CSGBox3D" parent="Mall/CSGCombiner3D"]
transform = Transform3D(1, 0, 0, 0, 1, 0, 0, 0, 1, 96.1086, 8.15628, -92.9827)
size = Vector3(87.7822, 50, 146.777)
material = ExtResource("4_i0wjd")

[node name="CSGBox3D4" type="CSGBox3D" parent="Mall/CSGCombiner3D"]
transform = Transform3D(1, 0, 0, 0, 1, 0, 0, 0, 1, 130.012, 8.15628, -151.211)
size = Vector3(52.984, 50, 79.267)

[node name="CSGBox3D5" type="CSGBox3D" parent="Mall/CSGCombiner3D"]
transform = Transform3D(0.877531, 0, -0.479519, 0, 1, 0, 0.479519, 0, 0.877531, 115.995, 8.94345, -118.348)
operation = 2
size = Vector3(31.3081, 51.5743, 71.5605)

[node name="CSGBox3D10" type="CSGBox3D" parent="Mall/CSGCombiner3D"]
transform = Transform3D(0.877531, 0, -0.479519, 0, 1, 0, 0.479519, 0, 0.877531, 112.132, 21.8523, -123.534)
operation = 2
size = Vector3(55.7151, 5, 76.9586)

[node name="CSGBox3D11" type="CSGBox3D" parent="Mall/CSGCombiner3D"]
transform = Transform3D(0.804096, 0, -0.5945, 0, 1, 0, 0.5945, 0, 0.804096, 79.7885, 21.8523, -45.8218)
operation = 2
size = Vector3(57.9429, 5, 123.792)

[node name="CSGBox3D14" type="CSGBox3D" parent="Mall/CSGCombiner3D"]
transform = Transform3D(0.877531, 0, -0.479519, 0, 1, 0, 0.479519, 0, 0.877531, 113.221, 29.7768, -125.641)
operation = 2
size = Vector3(55.824, 5, 81.6998)

[node name="CSGBox3D15" type="CSGBox3D" parent="Mall/CSGCombiner3D"]
transform = Transform3D(0.804096, 0, -0.5945, 0, 1, 0, 0.5945, 0, 0.804096, 88.9538, 29.7768, -58.1327)
operation = 2
size = Vector3(57.9429, 5, 137.567)

[node name="CSGBox3D12" type="CSGBox3D" parent="Mall/CSGCombiner3D"]
transform = Transform3D(0.877531, 0, -0.479519, 0, 1, 0, 0.479519, 0, 0.877531, 112.395, 14.4164, -124.193)
operation = 2
size = Vector3(55.885, 5, 78.3678)

[node name="CSGBox3D13" type="CSGBox3D" parent="Mall/CSGCombiner3D"]
transform = Transform3D(0.804096, 0, -0.5945, 0, 1, 0, 0.5945, 0, 0.804096, 81.2132, 14.4164, -50.72)
operation = 2
size = Vector3(54.3083, 5, 121.498)

[node name="CSGBox3D6" type="CSGBox3D" parent="Mall/CSGCombiner3D"]
transform = Transform3D(0.813659, 0, -0.581342, 0, 1, 0, 0.581342, 0, 0.813659, 69.5339, 8.74374, -45.8546)
operation = 2
size = Vector3(30.7197, 51.1749, 115.323)

[node name="CSGBox3D7" type="CSGBox3D" parent="Mall/CSGCombiner3D"]
transform = Transform3D(0.813659, 0, -0.581342, 0, 1, 0, 0.581342, 0, 0.813659, 30.0808, 11.4977, 14.15)
operation = 2
size = Vector3(47.9153, 20.2647, 14.3987)

[node name="CSGBox3D9" type="CSGBox3D" parent="Mall/CSGCombiner3D"]
transform = Transform3D(0.813659, 0, -0.581342, 0, 1, 0, 0.581342, 0, 0.813659, 33.3635, 5.32524, 3.33927)
operation = 2
size = Vector3(5.75584, 7.91984, 9.26749)

[node name="CSGBox3D8" type="CSGBox3D" parent="Mall/CSGCombiner3D"]
transform = Transform3D(0.813659, 0, -0.581342, 0, 1, 0, 0.581342, 0, 0.813659, 25.8811, 30.0845, 12.7515)
operation = 2
size = Vector3(26.1338, 9.32425, 11.7916)

[node name="CSGBox3D16" type="CSGBox3D" parent="Mall/CSGCombiner3D"]
transform = Transform3D(0.741759, -0.334418, -0.581342, 0.411005, 0.911633, -1.49012e-08, 0.529971, -0.238935, 0.813659, 60.1635, 9.46668, 4.3569)
operation = 2
size = Vector3(19.6216, 3.39015, 5.8738)

[node name="CSGBox3D17" type="CSGBox3D" parent="Mall/CSGCombiner3D"]
transform = Transform3D(0.877531, 0, -0.479519, 0, 1, 0, 0.479519, 0, 0.877531, 140.732, 21.8545, -184.857)
operation = 2
size = Vector3(72.3433, 34.1978, 51.9896)

[node name="CSGCombiner3D2" type="CSGCombiner3D" parent="Mall"]
use_collision = true

[node name="CSGBox3D" type="CSGBox3D" parent="Mall/CSGCombiner3D2"]
transform = Transform3D(1, 0, 0, 0, 0.973579, -0.228351, 0, 0.228351, 0.973579, 64.078, 19.0556, -34.7343)
size = Vector3(3.65573, 1, 67.1673)

[node name="CSGBox3D2" type="CSGBox3D" parent="Mall/CSGCombiner3D2"]
transform = Transform3D(0.227234, 0.166663, -0.959473, 0.00343867, 0.985104, 0.171929, 0.973834, -0.0423675, 0.223276, 119.031, 22.6511, -122.557)
size = Vector3(3.65573, 1, 47.7713)

[node name="CSGBox3D3" type="CSGBox3D" parent="Mall/CSGCombiner3D2"]
transform = Transform3D(-0.116989, -0.170353, 0.978413, 0.00343867, 0.985104, 0.171929, -0.993127, 0.0234782, -0.11466, 91.8346, 14.8367, -77.9258)
size = Vector3(3.65573, 1, 46.8349)

[node name="CSGBox3D4" type="CSGBox3D" parent="Mall/CSGCombiner3D2"]
transform = Transform3D(0.160378, -0.389444, 0.906979, 0.00580772, 0.919231, 0.393678, -0.987038, -0.0578698, 0.149686, 109.111, 18.6834, -108.837)
size = Vector3(3.65573, 1, 41.2615)

[node name="CSGBox3D5" type="CSGBox3D" parent="Mall/CSGCombiner3D2"]
transform = Transform3D(0.499205, -0.201007, 0.842846, 0.00580773, 0.973475, 0.22872, -0.866464, -0.109283, 0.487131, 82.1168, 22.7708, -64.8231)
size = Vector3(3.65573, 1, 34.9775)

[node name="CSGBox3D6" type="CSGBox3D" parent="Mall/CSGCombiner3D2"]
transform = Transform3D(0.657388, 0, 0.753552, 0, 1, 0, -0.753552, 0, 0.657388, 50.1335, 18.8063, -15.3969)
size = Vector3(3.65573, 1, 34.9775)

[node name="CSGBox3D7" type="CSGBox3D" parent="Mall/CSGCombiner3D2"]
transform = Transform3D(0.657388, 0.176246, 0.732651, 1.86265e-09, 0.972264, -0.233887, -0.753552, 0.153754, 0.639155, 40.9375, 22.6957, -4.03039)
size = Vector3(3.65573, 1, 34.9775)

[node name="Boat" type="Node3D" parent="."]
transform = Transform3D(1, 0, 0, 0, 1, 0, 0, 0, 1, -97.8527, 0, 2.98815)

[node name="CSGCombiner3D" type="CSGCombiner3D" parent="Boat"]
use_collision = true

[node name="CSGBox3D" type="CSGBox3D" parent="Boat/CSGCombiner3D"]
transform = Transform3D(1, 0, 0, 0, 1, 0, 0, 0, 1, -0.900017, 11.7708, -0.221085)
size = Vector3(14.8232, 20.5625, 78.6133)

[node name="CSGBox3D2" type="CSGBox3D" parent="Boat/CSGCombiner3D"]
transform = Transform3D(1, 0, 0, 0, 1, 0, 0, 0, 1, -0.900017, 18.418, -0.221085)
operation = 2
size = Vector3(14.8232, 17.9787, 66.4082)

[node name="CSGBox3D3" type="CSGBox3D" parent="Boat/CSGCombiner3D"]
transform = Transform3D(1, 0, 0, 0, 1, 0, 0, 0, 1, -0.900017, 23.0103, -36.9336)
operation = 2
size = Vector3(14.8232, 8.79393, 7.92572)

[node name="CSGBox3D4" type="CSGBox3D" parent="Boat/CSGCombiner3D"]
transform = Transform3D(1, 0, 0, 0, 1, 0, 0, 0, 1, -0.900017, 19.9364, 36.0086)
size = Vector3(15.0276, 2.64599, 6.28613)
material = ExtResource("2_uvu1c")

[node name="CSGBox3D5" type="CSGBox3D" parent="Boat/CSGCombiner3D"]
transform = Transform3D(1, 0, 0, 0, 1, 0, 0, 0, 1, -0.900017, 16.8269, -36.4442)
size = Vector3(15.0276, 2.64599, 6.28613)
material = ExtResource("2_uvu1c")

[node name="CSGCombiner3D3" type="CSGCombiner3D" parent="Boat"]
use_collision = true

[node name="CSGBox3D" type="CSGBox3D" parent="Boat/CSGCombiner3D3"]
transform = Transform3D(0.959702, 0.281018, 0, -0.281018, 0.959702, 0, 0, 0, 1, 14.3111, 7.0155, 8.28452)
size = Vector3(16.3584, 0.229202, 1.99023)

[node name="CSGCombiner3D2" type="CSGCombiner3D" parent="Boat"]
use_collision = true

[node name="CSGBox3D2" type="CSGBox3D" parent="Boat/CSGCombiner3D2"]
transform = Transform3D(1, 0, 0, 0, 1, 0, 0, 0, 1, 3.03757, 11.1319, 29.4565)
size = Vector3(5.96368, 3.4065, 3.22957)
material = ExtResource("2_uvu1c")

[node name="CSGBox3D3" type="CSGBox3D" parent="Boat/CSGCombiner3D2"]
transform = Transform3D(1, 0, 0, 0, 1, 0, 0, 0, 1, -4.05916, 11.1319, 29.4565)
size = Vector3(5.96368, 3.4065, 3.22957)
material = ExtResource("2_uvu1c")

[node name="CSGBox3D4" type="CSGBox3D" parent="Boat/CSGCombiner3D2"]
transform = Transform3D(1, 0, 0, 0, 1, 0, 0, 0, 1, 3.03757, 14.5506, 29.4565)
size = Vector3(5.96368, 3.4065, 3.22957)
material = ExtResource("4_i0wjd")

[node name="CSGBox3D5" type="CSGBox3D" parent="Boat/CSGCombiner3D2"]
transform = Transform3D(1, 0, 0, 0, 1, 0, 0, 0, 1, -4.05916, 14.5506, 29.4565)
size = Vector3(5.96368, 3.4065, 3.22957)
material = ExtResource("2_1yeyv")

[node name="CSGBox3D7" type="CSGBox3D" parent="Boat/CSGCombiner3D2"]
transform = Transform3D(1, 0, 0, 0, 1, 0, 0, 0, 1, -4.05916, 11.1319, 25.4146)
size = Vector3(5.96368, 3.4065, 3.22957)
material = ExtResource("11_2wrim")

[node name="CSGBox3D9" type="CSGBox3D" parent="Boat/CSGCombiner3D2"]
transform = Transform3D(1, 0, 0, 0, 1, 0, 0, 0, 1, -4.05916, 14.5506, 25.4146)
size = Vector3(5.96368, 3.4065, 3.22957)
material = ExtResource("2_uvu1c")

[node name="CSGBox3D10" type="CSGBox3D" parent="Boat/CSGCombiner3D2"]
transform = Transform3D(1, 0, 0, 0, 1, 0, 0, 0, 1, 3.03757, 11.1319, 21.3908)
size = Vector3(5.96368, 3.4065, 3.22957)
material = ExtResource("11_2wrim")

[node name="CSGBox3D12" type="CSGBox3D" parent="Boat/CSGCombiner3D2"]
transform = Transform3D(1, 0, 0, 0, 1, 0, 0, 0, 1, 3.03757, 14.5506, 21.3908)
size = Vector3(5.96368, 3.4065, 3.22957)
material = ExtResource("4_i0wjd")

[node name="CSGBox3D14" type="CSGBox3D" parent="Boat/CSGCombiner3D2"]
transform = Transform3D(1, 0, 0, 0, 1, 0, 0, 0, 1, 3.03757, 11.1319, 17.1808)
size = Vector3(5.96368, 3.4065, 3.22957)
material = ExtResource("2_1yeyv")

[node name="CSGBox3D15" type="CSGBox3D" parent="Boat/CSGCombiner3D2"]
transform = Transform3D(1, 0, 0, 0, 1, 0, 0, 0, 1, -4.05916, 11.1319, 17.1808)
size = Vector3(5.96368, 3.4065, 3.22957)
material = ExtResource("11_2wrim")

[node name="CSGBox3D16" type="CSGBox3D" parent="Boat/CSGCombiner3D2"]
transform = Transform3D(1, 0, 0, 0, 1, 0, 0, 0, 1, 3.03757, 14.5506, 17.1808)
size = Vector3(5.96368, 3.4065, 3.22957)
material = ExtResource("2_uvu1c")

[node name="CSGBox3D17" type="CSGBox3D" parent="Boat/CSGCombiner3D2"]
transform = Transform3D(1, 0, 0, 0, 1, 0, 0, 0, 1, -4.05916, 14.5506, 17.1808)
size = Vector3(5.96368, 3.4065, 3.22957)
material = ExtResource("2_1yeyv")

[node name="CSGBox3D18" type="CSGBox3D" parent="Boat/CSGCombiner3D2"]
transform = Transform3D(1, 0, 0, 0, 1, 0, 0, 0, 1, 3.03757, 11.1319, -5.67465)
size = Vector3(5.96368, 3.4065, 3.22957)
material = ExtResource("11_2wrim")

[node name="CSGBox3D19" type="CSGBox3D" parent="Boat/CSGCombiner3D2"]
transform = Transform3D(1, 0, 0, 0, 1, 0, 0, 0, 1, -4.05916, 11.1319, -5.67465)
size = Vector3(5.96368, 3.4065, 3.22957)
material = ExtResource("11_2wrim")

[node name="CSGBox3D21" type="CSGBox3D" parent="Boat/CSGCombiner3D2"]
transform = Transform3D(1, 0, 0, 0, 1, 0, 0, 0, 1, -4.05916, 14.5506, -5.67465)
size = Vector3(5.96368, 3.4065, 3.22957)
material = ExtResource("2_uvu1c")

[node name="CSGBox3D22" type="CSGBox3D" parent="Boat/CSGCombiner3D2"]
transform = Transform3D(1, 0, 0, 0, 1, 0, 0, 0, 1, 3.03757, 11.1319, -9.54552)
size = Vector3(5.96368, 3.4065, 3.22957)
material = ExtResource("11_2wrim")

[node name="CSGBox3D24" type="CSGBox3D" parent="Boat/CSGCombiner3D2"]
transform = Transform3D(1, 0, 0, 0, 1, 0, 0, 0, 1, 3.03757, 14.5506, -9.54552)
size = Vector3(5.96368, 3.4065, 3.22957)
material = ExtResource("4_i0wjd")

[node name="CSGBox3D25" type="CSGBox3D" parent="Boat/CSGCombiner3D2"]
transform = Transform3D(1, 0, 0, 0, 1, 0, 0, 0, 1, -4.05916, 14.5506, -9.54552)
size = Vector3(5.96368, 3.4065, 3.22957)
material = ExtResource("2_uvu1c")

[node name="CSGBox3D26" type="CSGBox3D" parent="Boat/CSGCombiner3D2"]
transform = Transform3D(1, 0, 0, 0, 1, 0, 0, 0, 1, 3.03757, 11.1319, -31.1849)
size = Vector3(5.96368, 3.4065, 3.22957)
material = ExtResource("2_1yeyv")

[node name="CSGBox3D27" type="CSGBox3D" parent="Boat/CSGCombiner3D2"]
transform = Transform3D(1, 0, 0, 0, 1, 0, 0, 0, 1, -4.05916, 11.1319, -31.1849)
size = Vector3(5.96368, 3.4065, 3.22957)
material = ExtResource("11_2wrim")

[node name="CSGBox3D28" type="CSGBox3D" parent="Boat/CSGCombiner3D2"]
transform = Transform3D(1, 0, 0, 0, 1, 0, 0, 0, 1, 3.03757, 14.5506, -31.1849)
size = Vector3(5.96368, 3.4065, 3.22957)
material = ExtResource("4_i0wjd")

[node name="CSGBox3D29" type="CSGBox3D" parent="Boat/CSGCombiner3D2"]
transform = Transform3D(1, 0, 0, 0, 1, 0, 0, 0, 1, -4.05916, 14.5506, -31.1849)
size = Vector3(5.96368, 3.4065, 3.22957)
material = ExtResource("2_uvu1c")

[node name="CSGBox3D30" type="CSGBox3D" parent="Boat/CSGCombiner3D2"]
transform = Transform3D(1, 0, 0, 0, 1, 0, 0, 0, 1, 3.03757, 11.1319, -27.1789)
size = Vector3(5.96368, 3.4065, 3.22957)
material = ExtResource("11_2wrim")

[node name="CSGBox3D34" type="CSGBox3D" parent="Boat/CSGCombiner3D2"]
transform = Transform3D(1, 0, 0, 0, 1, 0, 0, 0, 1, 3.03757, 11.1319, -23.3073)
size = Vector3(5.96368, 3.4065, 3.22957)
material = ExtResource("2_uvu1c")

[node name="CSGBox3D35" type="CSGBox3D" parent="Boat/CSGCombiner3D2"]
transform = Transform3D(1, 0, 0, 0, 1, 0, 0, 0, 1, -4.05916, 11.1319, -23.3073)
size = Vector3(5.96368, 3.4065, 3.22957)
material = ExtResource("11_2wrim")

[node name="CSGBox3D36" type="CSGBox3D" parent="Boat/CSGCombiner3D2"]
transform = Transform3D(1, 0, 0, 0, 1, 0, 0, 0, 1, 3.03757, 14.5506, -23.3073)
size = Vector3(5.96368, 3.4065, 3.22957)
material = ExtResource("2_1yeyv")

[node name="CSGBox3D37" type="CSGBox3D" parent="Boat/CSGCombiner3D2"]
transform = Transform3D(1, 0, 0, 0, 1, 0, 0, 0, 1, -4.05916, 14.5506, -23.3073)
size = Vector3(5.96368, 3.4065, 3.22957)
material = ExtResource("2_uvu1c")

[node name="Beach" type="Node3D" parent="."]

[node name="CSGCombiner3D" type="CSGCombiner3D" parent="Beach"]
use_collision = true

[node name="CSGBox3D" type="CSGBox3D" parent="Beach/CSGCombiner3D"]
transform = Transform3D(1, 0, 0, 0, 0.980972, -0.194149, 0, 0.194149, 0.980972, 245.577, 1.91674, 79.9821)
size = Vector3(524.775, 1, 24.9375)
material = SubResource("StandardMaterial3D_ix85c")

[editable path="SmolCharacterBody"]
