[gd_scene load_steps=8 format=3 uid="uid://dvyghtiyj2il3"]

[ext_resource type="Material" uid="uid://bvpxgit5gpsp8" path="res://assets/prototype_textures/Dark/black.tres" id="1_7oaxx"]
[ext_resource type="PackedScene" uid="uid://conqjasembnyk" path="res://smol_character_body.tscn" id="1_gn8vd"]
[ext_resource type="Material" uid="uid://cfdso1l7ipqyl" path="res://temp_materials/brown.tres" id="2_7oaxx"]

[sub_resource type="WorldBoundaryShape3D" id="WorldBoundaryShape3D_gn8vd"]

[sub_resource type="ProceduralSkyMaterial" id="ProceduralSkyMaterial_gn8vd"]
sky_horizon_color = Color(0.662243, 0.671743, 0.686743, 1)
ground_horizon_color = Color(0.662243, 0.671743, 0.686743, 1)

[sub_resource type="Sky" id="Sky_7oaxx"]
sky_material = SubResource("ProceduralSkyMaterial_gn8vd")

[sub_resource type="Environment" id="Environment_k7nup"]
background_mode = 2
sky = SubResource("Sky_7oaxx")
tonemap_mode = 2
fog_enabled = true
fog_mode = 1
fog_light_color = Color(0.379687, 0.596472, 0.584997, 1)
fog_light_energy = 1.1
fog_density = 0.6299
fog_sky_affect = 0.53
fog_depth_begin = 50.0
fog_depth_end = 150.0

[node name="Node3D" type="Node3D"]

[node name="StaticBody3D" type="StaticBody3D" parent="."]

[node name="CollisionShape3D" type="CollisionShape3D" parent="StaticBody3D"]
shape = SubResource("WorldBoundaryShape3D_gn8vd")

[node name="floor" type="CSGCombiner3D" parent="."]
use_collision = true

[node name="CSGBox3D" type="CSGBox3D" parent="floor"]
transform = Transform3D(0.999998, -0.00171462, 0.000138476, 0.00171451, 0.999998, 0.000770814, -0.000139806, -0.000770574, 1, 0, 0, 0)
size = Vector3(253.436, 0.1, 256.11)
material = ExtResource("1_7oaxx")

[node name="north_east_trunk" type="CSGCombiner3D" parent="."]
use_collision = true

[node name="CSGCylinder3D4" type="CSGCylinder3D" parent="north_east_trunk"]
transform = Transform3D(1, 0, 0, 0, 1, 0, 0, 0, 1, 28.0831, 8.51404, -34.382)
radius = 10.2529
height = 19.2485
sides = 16
material = ExtResource("2_7oaxx")

[node name="CSGCylinder3D5" type="CSGCylinder3D" parent="north_east_trunk"]
transform = Transform3D(1, 0, 0, 0, 1, 0, 0, 0, 1, 35.1343, 18.0866, -21.5816)
radius = 4.22217
height = 1.5
sides = 16
material = ExtResource("2_7oaxx")

[node name="CSGCylinder3D6" type="CSGCylinder3D" parent="north_east_trunk"]
transform = Transform3D(1, 0, 0, 0, 1, 0, 0, 0, 1, 41.6374, 19.4405, -16.1955)
radius = 4.22217
height = 1.5
sides = 16
material = ExtResource("2_7oaxx")

[node name="CSGCylinder3D8" type="CSGCylinder3D" parent="north_east_trunk"]
transform = Transform3D(1, 0, 0, 0, 1, 0, 0, 0, 1, 38.9943, 22.2394, -6.47722)
radius = 4.22217
height = 1.5
sides = 16
material = ExtResource("2_7oaxx")

[node name="CSGCylinder3D11" type="CSGCylinder3D" parent="north_east_trunk"]
transform = Transform3D(1, 0, 0, 0, 1, 0, 0, 0, 1, 47.4761, 26.4418, 5.10376)
radius = 4.22217
height = 1.5
sides = 16
material = ExtResource("2_7oaxx")

[node name="CSGCylinder3D15" type="CSGCylinder3D" parent="north_east_trunk"]
transform = Transform3D(1, 0, 0, 0, 1, 0, 0, 0, 1, 37.195, 33.5699, 25.1637)
radius = 4.22217
height = 1.5
sides = 16
material = ExtResource("2_7oaxx")

[node name="CSGCylinder3D7" type="CSGCylinder3D" parent="north_east_trunk"]
transform = Transform3D(1, 0, 0, 0, 1, 0, 0, 0, 1, 44.5042, 20.8289, -10.3956)
radius = 2.56201
height = 1.5
sides = 16
material = ExtResource("2_7oaxx")

[node name="CSGCylinder3D9" type="CSGCylinder3D" parent="north_east_trunk"]
transform = Transform3D(1, 0, 0, 0, 1, 0, 0, 0, 1, 36.6209, 23.6822, -0.059945)
radius = 2.56201
height = 1.5
sides = 16
material = ExtResource("2_7oaxx")

[node name="CSGCylinder3D10" type="CSGCylinder3D" parent="north_east_trunk"]
transform = Transform3D(1, 0, 0, 0, 1, 0, 0, 0, 1, 41.4216, 25.0744, 2.14065)
radius = 2.56201
height = 1.5
sides = 16
material = ExtResource("2_7oaxx")

[node name="CSGCylinder3D12" type="CSGCylinder3D" parent="north_east_trunk"]
transform = Transform3D(0.999961, 0, -0.0088138, 0, 1, 0, 0.0088138, 0, 0.999961, 48.237, 27.8811, 11.7254)
radius = 2.56201
height = 1.5
sides = 16
material = ExtResource("2_7oaxx")

[node name="CSGCylinder3D16" type="CSGCylinder3D" parent="north_east_trunk"]
transform = Transform3D(1, 0, 0, 0, 1, 0, 0, 0, 1, 47.314, 30.7274, 19.9941)
radius = 2.56201
height = 1.5
sides = 16
material = ExtResource("2_7oaxx")

[node name="CSGCylinder3D13" type="CSGCylinder3D" parent="north_east_trunk"]
transform = Transform3D(1, 0, 0, 0, 1, 0, 0, 0, 1, 44.9494, 29.2483, 15.4869)
radius = 2.56201
height = 1.5
sides = 16
material = ExtResource("2_7oaxx")

[node name="CSGCylinder3D14" type="CSGCylinder3D" parent="north_east_trunk"]
transform = Transform3D(1, 0, 0, 0, 1, 0, 0, 0, 1, 44.2701, 32.158, 24.0233)
radius = 2.56201
height = 1.5
sides = 16
material = ExtResource("2_7oaxx")

[node name="south_west_trunk" type="CSGCombiner3D" parent="."]
use_collision = true

[node name="CSGCylinder3D2" type="CSGCylinder3D" parent="south_west_trunk"]
transform = Transform3D(1, 0, 0, 0, 1, 0, 0, 0, 1, -30.5575, 16.7692, 35.9969)
radius = 6.4248
height = 35.7588
sides = 16
material = ExtResource("2_7oaxx")

[node name="CSGCylinder3D3" type="CSGCylinder3D" parent="south_west_trunk"]
transform = Transform3D(1, 0, 0, 0, 1, 0, 0, 0, 1, -40.9348, 31.0793, 37.4086)
radius = 4.0
height = 2.50549
sides = 16
material = ExtResource("2_7oaxx")

[node name="CSGCylinder3D4" type="CSGCylinder3D" parent="south_west_trunk"]
transform = Transform3D(1, 0, 0, 0, 1, 0, 0, 0, 1, -42.1294, 28.5448, 45.9976)
radius = 4.0
height = 2.50549
sides = 16
material = ExtResource("2_7oaxx")

[node name="CSGCylinder3D5" type="CSGCylinder3D" parent="south_west_trunk"]
transform = Transform3D(1, 0, 0, 0, 1, 0, 0, 0, 1, -49.3131, 26.7993, 50.6351)
radius = 4.0
height = 2.50549
sides = 16
material = ExtResource("2_7oaxx")

[node name="CSGCylinder3D6" type="CSGCylinder3D" parent="south_west_trunk"]
transform = Transform3D(1, 0, 0, 0, 1, 0, 0, 0, 1, -62.6722, 24.9868, 56.2969)
radius = 8.33447
height = 2.50549
sides = 16
material = ExtResource("2_7oaxx")

[node name="CSGCylinder3D7" type="CSGCylinder3D" parent="south_west_trunk"]
transform = Transform3D(1, 0, 0, 0, 1, 0, 0, 0, 1, 9.5142, 24.0714, 32.5237)
radius = 8.33447
height = 4.33624
sides = 16
material = ExtResource("2_7oaxx")

[node name="CSGCylinder3D8" type="CSGCylinder3D" parent="south_west_trunk"]
transform = Transform3D(1, 0, 0, 0, 1, 0, 0, 0, 1, 1.7796, 27.0757, 43.7967)
radius = 3.7207
height = 2.50549
sides = 16
material = ExtResource("2_7oaxx")

[node name="CSGCylinder3D9" type="CSGCylinder3D" parent="south_west_trunk"]
transform = Transform3D(0.999995, 0.00121573, 0.00300151, -0.00122369, 0.999996, 0.00265502, -0.00299827, -0.00265867, 0.999992, 5.45086, 29.0549, 69.9831)
radius = 5.50098
height = 2.50549
sides = 16
material = ExtResource("2_7oaxx")

[node name="CSGCylinder3D10" type="CSGCylinder3D" parent="south_west_trunk"]
transform = Transform3D(0.999995, 0.00121573, 0.00300151, -0.00122369, 0.999996, 0.00265502, -0.00299827, -0.00265867, 0.999992, 5.45086, 29.8628, 50.6177)
radius = 3.7207
height = 2.50549
sides = 16
material = ExtResource("2_7oaxx")

[node name="CSGCylinder3D11" type="CSGCylinder3D" parent="south_west_trunk"]
transform = Transform3D(0.999995, 0.00121573, 0.00300151, -0.00122369, 0.999996, 0.00265502, -0.00299827, -0.00265867, 0.999992, 5.6338, 31.1328, 79.7543)
radius = 3.7207
height = 2.50549
sides = 16
material = ExtResource("2_7oaxx")

[node name="center trunk" type="CSGCombiner3D" parent="."]
use_collision = true

[node name="CSGCylinder3D" type="CSGCylinder3D" parent="center trunk"]
transform = Transform3D(1, 0, 0, 0, 1, 0, 0, 0, 1, 0, 11.8596, 0)
radius = 8.0
height = 25.9397
sides = 16
material = ExtResource("2_7oaxx")

[node name="CSGBox3D" type="CSGBox3D" parent="center trunk"]
transform = Transform3D(0.663469, -0.136528, 0.735642, 0.0914384, 0.990636, 0.101385, -0.742596, 0, 0.66974, 9.29969, 22.7147, -11.9343)
size = Vector3(17.0832, 2.70801, 2.81543)

[node name="CSGBox3D2" type="CSGBox3D" parent="center trunk"]
transform = Transform3D(0.831179, -0.512735, -0.215046, 0.500748, 0.858412, -0.111265, 0.241647, -0.0152032, 0.970245, 18.1713, 29.4335, 6.84823)
size = Vector3(27.4333, 2.70801, 2.81543)

[node name="CSGBox3D3" type="CSGBox3D" parent="center trunk"]
transform = Transform3D(0.586512, 0.118625, 0.801206, -0.276253, 0.959197, 0.0602105, -0.761372, -0.25665, 0.595351, -16.4333, 27.3498, 17.3812)
size = Vector3(38.1376, 2.70801, 2.81543)

[node name="west_trunk" type="CSGCombiner3D" parent="."]
transform = Transform3D(1, 0, 0, 0, 1, 0, 0, 0, 1, -40.1424, 0, -5.20403)
use_collision = true

[node name="CSGCylinder3D" type="CSGCylinder3D" parent="west_trunk"]
transform = Transform3D(1, 0, 0, 0, 1, 0, 0, 0, 1, 0, 3.3363, 0)
radius = 8.0
height = 8.89307
sides = 16
material = ExtResource("2_7oaxx")

[node name="CSGBox3D" type="CSGBox3D" parent="west_trunk"]
transform = Transform3D(-0.154199, -0.0864983, 0.984246, 0.309255, 0.941881, 0.131225, -0.938394, 0.324618, -0.118487, 1.43798, 2.26133, 18.2164)
size = Vector3(24.5036, 2.70801, 2.81543)

[node name="CSGBox3D2" type="CSGBox3D" parent="west_trunk"]
transform = Transform3D(0.872897, -0.328413, -0.360827, 0.352136, 0.935949, 0, 0.337716, -0.12706, 0.932633, -13.2352, 2.4665, -7.37688)
size = Vector3(22.2047, 2.70801, 2.81543)

[node name="CSGBox3D3" type="CSGBox3D" parent="west_trunk"]
transform = Transform3D(0.82979, -0.514185, -0.216937, 0.502756, 0.857483, -0.109356, 0.242249, -0.018324, 0.970041, 20.5033, 13.8898, 4.6902)
size = Vector3(36.5265, 2.70801, 2.81543)

[node name="south_east_trunk" type="CSGCombiner3D" parent="."]
transform = Transform3D(1, 0, 0, 0, 1, 0, 0, 0, 1, -40.1424, 0, -5.20403)
use_collision = true

[node name="CSGCylinder3D3" type="CSGCylinder3D" parent="south_east_trunk"]
transform = Transform3D(1, 0, 0, 0, 1, 0, 0, 0, 1, 73.3721, 16.7692, 20.5383)
radius = 6.4248
height = 35.7588
sides = 16
material = ExtResource("2_7oaxx")

[node name="playground_1" type="CSGCombiner3D" parent="."]
use_collision = true

[node name="CSGBox3D3" type="CSGBox3D" parent="playground_1"]
transform = Transform3D(-0.0562398, 0, 0.998417, 0, 1, 0, -0.998417, 0, -0.0562398, -32, 0.5, -65.023)
size = Vector3(8, 1, 1)

[node name="CSGBox3D5" type="CSGBox3D" parent="playground_1"]
transform = Transform3D(-0.0562398, 0, 0.998417, 0, 1, 0, -0.998417, 0, -0.0562398, -38.019, 0.75, -65.023)
size = Vector3(8, 1.5, 1)

[node name="CSGBox3D4" type="CSGBox3D" parent="playground_1"]
transform = Transform3D(-0.0562398, 0, 0.998417, 0, 1, 0, -0.998417, 0, -0.0562398, -30, 0.5, -65)
size = Vector3(8, 1, 1)

[node name="CSGBox3D6" type="CSGBox3D" parent="playground_1"]
transform = Transform3D(-0.0562398, 0, 0.998417, 0.258409, 0.965926, 0.0145559, -0.964397, 0.258819, -0.0543234, -27.8615, 0.5, -65)
size = Vector3(8, 1, 1)

[node name="CSGBox3D7" type="CSGBox3D" parent="playground_1"]
transform = Transform3D(-0.0562398, 0, 0.998417, 0.499209, 0.866025, 0.0281199, -0.864655, 0.5, -0.0487051, -26.2194, 0.5, -65)
size = Vector3(8, 1, 1)

[node name="CSGBox3D8" type="CSGBox3D" parent="playground_1"]
transform = Transform3D(-0.0562398, 0, 0.998417, 0.705988, 0.707107, 0.0397675, -0.705988, 0.707107, -0.0397675, -24.4775, 0.5, -65)
size = Vector3(8, 1, 1)

[node name="CSGBox3D10" type="CSGBox3D" parent="playground_1"]
transform = Transform3D(-0.0562398, 0, 0.998417, 0.730731, 0.681424, 0.0411613, -0.680345, 0.731889, -0.0383231, -23.0254, 0.5, -65)
size = Vector3(8, 1, 1)

[node name="CSGBox3D9" type="CSGBox3D" parent="playground_1"]
transform = Transform3D(-0.0562398, 0, 0.998417, 0.864655, 0.5, 0.0487051, -0.499209, 0.866025, -0.0281199, -21.502, 0.5, -65)
size = Vector3(8, 1, 1)

[node name="walls" type="CSGCombiner3D" parent="."]
use_collision = true

[node name="CSGBox3D" type="CSGBox3D" parent="walls"]
transform = Transform3D(0.796994, 0, -0.603987, 0, 1, 0, 0.603987, 0, 0.796994, -76.3277, 33.4322, -51.6444)
size = Vector3(6.3916, 69.8306, 125.863)
material = ExtResource("2_7oaxx")

[node name="CSGBox3D2" type="CSGBox3D" parent="walls"]
transform = Transform3D(0.106594, 0, -0.994303, 0, 1, 0, 0.994303, 0, 0.106594, 17.9601, 33.4322, -105.65)
size = Vector3(6.3916, 69.8306, 124.081)
material = ExtResource("2_7oaxx")

[node name="CSGBox3D3" type="CSGBox3D" parent="walls"]
transform = Transform3D(-0.925969, 0, -0.377598, 0, 1, 0, 0.377598, 0, -0.925969, 98.9864, 33.4322, -57.8003)
size = Vector3(6.3916, 69.8306, 119.458)
material = ExtResource("2_7oaxx")

[node name="CSGBox3D4" type="CSGBox3D" parent="walls"]
transform = Transform3D(-0.934708, 0, 0.355417, 0, 1, 0, -0.355417, 0, -0.934708, 108.39, 33.4322, 27.6478)
size = Vector3(6.3916, 69.8306, 70.4844)
material = ExtResource("2_7oaxx")

[node name="CSGBox3D5" type="CSGBox3D" parent="walls"]
transform = Transform3D(-0.712651, 0, -0.701519, 0, 1, 0, 0.701519, 0, -0.712651, 108.399, 33.4322, 69.9487)
size = Vector3(6.3916, 69.8306, 35.4933)
material = ExtResource("2_7oaxx")

[node name="CSGBox3D6" type="CSGBox3D" parent="walls"]
transform = Transform3D(0.21257, 0, 0.977146, 0, 1, 0, -0.977146, 0, 0.21257, 83.5225, 33.4322, 100.764)
size = Vector3(6.3916, 69.8306, 35.4933)
material = ExtResource("2_7oaxx")

[node name="CSGBox3D8" type="CSGBox3D" parent="walls"]
transform = Transform3D(-0.0951507, 0, 0.995463, 0, 1, 0, -0.995463, 0, -0.0951507, -21.062, 33.4322, 105.534)
size = Vector3(6.3916, 69.8306, 178.604)
material = ExtResource("2_7oaxx")

[node name="CSGBox3D9" type="CSGBox3D" parent="walls"]
transform = Transform3D(0.976785, 0, -0.214224, 0, 1, 0, 0.214224, 0, 0.976785, -101.516, 33.4322, 84.5406)
size = Vector3(6.3916, 69.8306, 60.8247)
material = ExtResource("2_7oaxx")

[node name="CSGBox3D10" type="CSGBox3D" parent="walls"]
transform = Transform3D(0.94353, 0, 0.331288, 0, 1, 0, -0.331288, 0, 0.94353, -101.021, 33.4322, 40.4432)
size = Vector3(6.3916, 69.8306, 34.7163)
material = ExtResource("2_7oaxx")

[node name="CSGBox3D11" type="CSGBox3D" parent="walls"]
transform = Transform3D(-0.36356, 0, -0.931571, 0, 1, 0, 0.931571, 0, -0.36356, -116.553, 33.4322, 21.932)
size = Vector3(6.3916, 69.8306, 25.0685)
material = ExtResource("2_7oaxx")

[node name="CSGBox3D12" type="CSGBox3D" parent="walls"]
transform = Transform3D(0.607237, 0, -0.794521, 0, 1, 0, 0.794521, 0, 0.607237, -120.745, 33.4322, 2.85273)
size = Vector3(6.3916, 69.8306, 19.2466)
material = ExtResource("2_7oaxx")

[node name="CSGBox3D7" type="CSGBox3D" parent="walls"]
transform = Transform3D(-0.74529, 0, 0.666741, 0, 1, 0, -0.666741, 0, -0.74529, 109.087, 33.4322, 94.739)
size = Vector3(6.3916, 69.8306, 35.4933)
material = ExtResource("2_7oaxx")

[node name="SmolCharacterBody" parent="." instance=ExtResource("1_gn8vd")]
transform = Transform3D(1, 0, 0, 0, 1, 0, 0, 0, 1, -123.248, 0.546371, 12.6329)

[node name="WorldEnvironment" type="WorldEnvironment" parent="."]
environment = SubResource("Environment_k7nup")

[node name="DirectionalLight3D" type="DirectionalLight3D" parent="."]
transform = Transform3D(-0.866025, -0.433013, 0.25, 0, 0.5, 0.866025, -0.5, 0.75, -0.433013, 0, 0, 0)
shadow_enabled = true

[editable path="SmolCharacterBody"]
